750
51 0
62
127
274
377
400
576
594
719
118 719
217
3
16
199 16
213
222
410 355
514
560
695 560
741
869
927 869
996 977
807
44 807
131 104
145
224 215
260
424 337
542 458
707
768
769 768
858 828
993 873
1
298
638
4
28
90
95 90
432 195
530
872 530
189
192
299
367
386 368
792
934 792
949 947
969
997
998
2 998
88 67
268
292
435
529 435
544 534
615 572
658
677
819
841 819
929 866
83
926
81
300
329
404
539
723
810 723
914
71 12
227 119
228
251
334
360
467
471 467
499
532
663
743
861 743
877
279
19
43
48
110
114 110
171 168
352
422 352
801 721
811
896
972
999 972
179
301
307 301
541
783 601
970
89
128 89
136
315
395 315
446
490 474
650
852
889
924
966
387
389
412
425
440
698 440
974 916
47 36
147 138
229
254
497
516
536
667
682
744 682
831
909 831
207 115
255
453
475 453
689 513
17
348
452 348
992
34
65 34
265
313
402 365
628 589
646
679
802
816 802
821
921
87
158 87
164
561
746
751 746
554
559
611
641
7
99 76
125
314
550
553 550
570
614
880
951
167
270 167
469 271
520
590 520
767
789 767
799
823
867
11
209
465 209
588
603 588
613
680
754
779
878
963
995 963
78
116 85
225
376 350
393
629
729
747
812
897 812
922
973 968
35
50
75
190 91
383 204
479
616
648
755
775
804
833 804
242 847
284
286
340
500
739
778
881 778
294
396
401 396
517 409
557
681 620
800 716
850
853 850
146 52
378
460
470 460
871 494
5
70
105 70
148
275
411
423
433
495 433
565
940 565
235
347
840 347
931
455 931
948
132
276
311
610
652
797 652
815
939
73
468
502
537 502
780
808 780
820
860
955
965 956
80 236
198 173
247
267
416
596
655
671
776
794 776
964
18 964
21
203
437 203
546
627
784
817 784
849
904 868
121
159
954
97 954
241
302
353 302
391
507
6 583
25
77
124 77
364
473
656
704
59 704
535 234
678
369
390 369
706
888
32 943
304 68
332
354
370
528 492
979 714
186
166
328
343 328
381
414 398
482 466
504
728
942
980 942
281
524 281
745
777
994
174
447 174
462
106
388 106
406
518 408
647
825 647
117 894
176
356
429
506
705 506
919 793
323
489
522 489
549
113
152 113
196
463
498 463
515
624 515
838 735
862 27
864
278
318 278
509
527 525
584
649
734
884 734
272
308
358
664 358
730
120
339 156
456
112
177
737 177
100
178
295 231
622 543
986
200 986
417 399
567
633 567
727
830
842
140
477
600 477
718
724
725
887
57 887
480
604
675 604
713
870
915 885
9
585 9
644
670 665
930 903
60
330 243
22
102 22
246 221
436
573 484
962
985 962
184
187
464 187
569
710 595
918 720
959
163 82
216
297 216
325
407 385
635 478
771
984 818
239
262 239
287
392 371
457
708
803
886
266 237
555
651 618
911 910
449 10
214 165
538
170
394 170
421
439
598 563
893
157 280
201
373 344
756
846 760
487 310
782 752
14
45
206 45
907
526
562 526
699 579
859
971
454 971
645
883 824
987
320
333
581 580
597
855
349
38
69 38
185 101
211
551
736
154
483
259 483
533
732
742
13
485
508
637 508
672
761
809
111
130 111
139
405 290
451
832 630
342
863
24
252 24
20 578
230
336 230
531
848
240
345 240
420
575
895
540
683 540
491
626
770 626
946 892
107
488
905
431
606
686 606
712
790
238 31
738
844
920 844
975
92
250 92
617 548
978
23
443 23
640
674 640
74
143 74
715 568
839
269 476
592
137 96
141
702
261
289 261
694
925
935
938
277
319
363 319
397
623
836
98
193
923
944
697 54
787
829
135
208
547 208
899
316
413 316
450
636 701
936
384 936
785
900
379
493
687
851
322 851
30 740
197
586 197
283
39
257 39
786
56
593
582 593
149
890
983
762 983
93 953
937 366
309
688
519
874
764
33
826
296
605
722
49 172
806 123
913
305
827
181
621
950
194
798 749
901 898
109
882 109
772
46 891
908
932 908
359 84
766
361
602
220
326
757
791
233
245
380
382 380
293
202
472
63
505
41
659 41
591
122
223 122
303
669
865
219
55 219
773 372
427 696
654
917
461 917
29
552 86
441
642
103
375 103
442
854
822
843
690
608 690
989
748
845
981 845
232
556
486
430
945 430
692
693
312
733
374
758 374
906
558 906
282
933
42
731 42
653 253
134 928
351
362
875
346
574
205
545 205
210
142
448
418 448
805 58
357
639
691
902 691
212
258
317
976
